-10
-9.74684
-9.49367
-9.24051
-8.98734
-8.73418
-8.48101
-8.22785
-7.97468
-7.72152
-7.46835
-7.21519
-6.96203
-6.70886
-6.4557
-6.20253
-5.94937
-5.6962
-5.44304
-5.18987
-4.93671
-4.68354
-4.43038
-4.17722
-3.92405
-3.67089
-3.41772
-3.16456
-2.91139
-2.65823
-2.40506
-2.1519
-1.89873
-1.64557
-1.39241
-1.13924
-0.886076
-0.632911
-0.379747
-0.126582
0.126582
0.379747
0.632911
0.886076
1.13924
1.39241
1.64557
1.89873
2.1519
2.40506
2.65823
2.91139
3.16456
3.41772
3.67089
3.92405
4.17722
4.43038
4.68354
4.93671
5.18987
5.44304
5.6962
5.94937
6.20253
6.4557
6.70886
6.96203
7.21519
7.46835
7.72152
7.97468
8.22785
8.48101
8.73418
8.98734
9.24051
9.49367
9.74684
10
